9 0.062500 0.062500 0.112500 0.112500
11 0.187500 0.062500 0.112500 0.112500
10 0.312500 0.062500 0.112500 0.112500
8 0.437500 0.062500 0.112500 0.112500
7 0.562500 0.062500 0.112500 0.112500
10 0.687500 0.062500 0.112500 0.112500
11 0.812500 0.062500 0.112500 0.112500
9 0.937500 0.062500 0.112500 0.112500
12 0.062500 0.187500 0.112500 0.112500
12 0.187500 0.187500 0.112500 0.112500
12 0.437500 0.187500 0.112500 0.112500
12 0.562500 0.187500 0.112500 0.112500
12 0.687500 0.187500 0.112500 0.112500
12 0.812500 0.187500 0.112500 0.112500
12 0.937500 0.187500 0.112500 0.112500
12 0.312500 0.437500 0.112500 0.112500
6 0.562500 0.562500 0.112500 0.112500
6 0.062500 0.812500 0.112500 0.112500
6 0.187500 0.812500 0.112500 0.112500
6 0.312500 0.812500 0.112500 0.112500
6 0.437500 0.812500 0.112500 0.112500
6 0.687500 0.812500 0.112500 0.112500
6 0.812500 0.812500 0.112500 0.112500
6 0.937500 0.812500 0.112500 0.112500
3 0.062500 0.937500 0.112500 0.112500
5 0.187500 0.937500 0.112500 0.112500
4 0.312500 0.937500 0.112500 0.112500
2 0.437500 0.937500 0.112500 0.112500
1 0.562500 0.937500 0.112500 0.112500
4 0.687500 0.937500 0.112500 0.112500
5 0.812500 0.937500 0.112500 0.112500
3 0.937500 0.937500 0.112500 0.112500