8 0.150000 0.150000 0.100000 0.100000
10 0.250000 0.150000 0.100000 0.100000
9 0.350000 0.150000 0.100000 0.100000
7 0.450000 0.150000 0.100000 0.100000
6 0.550000 0.150000 0.100000 0.100000
9 0.650000 0.150000 0.100000 0.100000
8 0.850000 0.150000 0.100000 0.100000
11 0.150000 0.250000 0.100000 0.100000
11 0.350000 0.250000 0.100000 0.100000
11 0.450000 0.250000 0.100000 0.100000
11 0.550000 0.250000 0.100000 0.100000
11 0.650000 0.250000 0.100000 0.100000
11 0.850000 0.250000 0.100000 0.100000
11 0.250000 0.350000 0.100000 0.100000
10 0.650000 0.350000 0.100000 0.100000
11 0.750000 0.350000 0.100000 0.100000
3 0.850000 0.350000 0.100000 0.100000
1 0.150000 0.550000 0.100000 0.100000
5 0.350000 0.550000 0.100000 0.100000
5 0.450000 0.550000 0.100000 0.100000
5 0.150000 0.750000 0.100000 0.100000
5 0.250000 0.750000 0.100000 0.100000
5 0.550000 0.750000 0.100000 0.100000
5 0.650000 0.750000 0.100000 0.100000
5 0.750000 0.750000 0.100000 0.100000
5 0.850000 0.750000 0.100000 0.100000
2 0.150000 0.850000 0.100000 0.100000
4 0.250000 0.850000 0.100000 0.100000
0 0.550000 0.850000 0.100000 0.100000
3 0.650000 0.850000 0.100000 0.100000
4 0.750000 0.850000 0.100000 0.100000
2 0.850000 0.850000 0.100000 0.100000